<?xml version="1.0" encoding="UTF-8"?>
<struktogramm fontfamily="83;101;114;105;102;" fontstyle="0" fontsize="15" caption="-1;">
  <strelem typ="0" zx="0" zy="0" textcolor="-16777216" bgcolor="-1">
    <text>69;105;110;103;97;98;101;58;32;80;114;111;106;101;107;116;97;117;102;116;114;97;103;</text>
  </strelem>
  <strelem typ="0" zx="0" zy="0" textcolor="-16777216" bgcolor="-1">
    <text>86;101;114;97;114;98;101;105;116;117;110;103;58;32;80;114;111;98;108;101;109;97;110;97;108;121;115;101;</text>
  </strelem>
  <strelem typ="0" zx="0" zy="0" textcolor="-16777216" bgcolor="-1">
    <text>86;101;114;97;114;98;101;105;116;117;110;103;58;32;69;110;116;119;117;114;102;32;101;105;110;101;115;32;76;246;115;117;110;103;115;107;111;110;122;101;112;116;115;</text>
  </strelem>
  <strelem typ="0" zx="0" zy="0" textcolor="-16777216" bgcolor="-1">
    <text>86;101;114;97;114;98;101;105;116;117;110;103;58;32;82;101;97;108;105;115;105;101;114;117;110;103;32;101;105;110;101;115;32;76;246;115;117;110;103;115;107;111;110;122;101;112;116;115;</text>
  </strelem>
  <strelem typ="0" zx="0" zy="0" textcolor="-16777216" bgcolor="-1">
    <text>86;101;114;97;114;98;101;105;116;117;110;103;58;32;84;101;115;116;112;104;97;115;101;</text>
  </strelem>
  <strelem typ="0" zx="0" zy="0" textcolor="-16777216" bgcolor="-1">
    <text>65;117;115;103;97;98;101;58;32;69;105;110;102;252;104;114;117;110;103;</text>
  </strelem>
</struktogramm>

